128

0 73
1 89
2 21
3 118
4 52
5 104
6 15
7 67
8 56
9 36
10 110
11 96
12 25
13 78
14 108
15 60
16 98
17 122
18 47
19 13
20 95
21 92
22 65
23 80
24 8
25 5
26 74
27 77
28 83
29 102
30 54
31 106
32 72
33 114
34 85
35 119
36 14
37 91
38 9
39 86
40 22
41 66
42 93
43 99
44 41
45 48
46 69
47 35
48 24
49 109
50 123
51 7
52 63
53 19
54 120
55 71
56 16
57 64
58 12
59 76
60 70
61 81
62 68
63 18
64 58
65 111
66 90
67 37
68 38
69 50
70 113
71 6
72 31
73 79
74 43
75 20
76 115
77 42
78 49
79 46
80 55
81 88
82 32
83 3
84 57
85 44
86 116
87 105
88 11
89 10
90 17
91 82
92 62
93 29
94 112
95 87
96 39
97 45
98 59
99 101
100 53
101 34
102 103
103 107
104 28
105 100
106 61
107 26
108 97
109 84
110 30
111 40
112 117
113 33
114 75
115 2
116 4
117 23
118 27
119 1
120 94
121 51
122 124
123 125
124 127
125 126
126 121
127 0


