Enter the size of pairs you want: 247 451
84 73
430 32
363 142
447 390
450 101
362 481
257 113
475 25
324 91
282 484
23 413
172 263
228 49
454 442
350 118
357 361
196 167
349 59
224 77
46 95
206 189
449 394
249 248
301 255
105 276
82 374
418 37
238 110
17 209
322 510
499 26
401 55
92 57
28 342
104 237
71 103
14 213
220 461
272 373
97 15
287 348
56 326
354 343
221 168
448 378
329 243
191 479
485 254
489 60
169 251
413 187
164 423
124 379
360 482
63 387
160 244
171 146
421 480
133 456
27 403
491 297
297 152
211 338
35 472
355 144
497 268
22 381
174 457
68 134
25 138
476 183
288 376
61 94
505 336
132 2
303 280
208 497
38 431
289 388
265 405
45 174
176 322
237 159
300 102
417 432
19 420
201 398
298 279
478 72
26 260
295 96
326 291
495 250
336 203
508 505
433 453
378 270
345 266
83 192
74 320
230 80
510 53
60 355
136 20
445 300
320 97
214 106
277 81
253 225
12 140
227 402
4 19
462 485
213 48
6 226
21 455
294 238
242 219
451 335
31 239
168 271
225 229
256 264
461 426
307 445
143 256
180 136
358 308
309 474
131 41
279 88
158 306
270 150
47 507
314 278
218 74
346 31
306 471
154 366
234 40
240 275
10 301
205 179
420 190
207 224
274 483
254 194
328 469
79 262
146 281
252 12
392 228
121 50
292 506
111 289
407 466
284 489
464 196
335 164
276 115
330 204
157 410
139 207
488 104
351 36
103 493
226 419
338 33
125 186
29 458
141 44
394 499
365 246
251 416
425 87
321 131
463 369
318 178
195 293
101 141
150 7
94 463
267 5
20 468
235 428
1 460
144 504
474 441
415 56
302 195
444 454
166 351
377 367
483 321
53 478
128 346
382 191
18 386
493 35
290 447
9 122
379 234
49 34
299 288
155 372
135 508
69 181
374 352
93 470
376 65
170 63
149 511
455 157
278 128
137 467
75 476
36 365
469 503
286 391
16 62
429 16
76 232
122 130
341 427
416 83
460 312
181 79
296 153
165 267
106 10
264 162
405 283
422 89
304 449
319 429
452 259
383 185
348 436
112 54
501 208
479 415
100 349
33 407
51 177
388 145
162 285
99 120
95 233
399 323
96 400
43 30
222 201
159 149
152 135
86 14
435 47
120 24
496 406
138 252
396 210
327 119
199 45
316 126
371 66
494 253
352 84
507 124
42 240
58 133
285 339
393 383
248 334
11 198
409 362
118 354
37 438
87 290
73 404
3 332
244 11
78 82
209 172
245 496
291 61
369 223
398 69
102 324
311 21
217 92
219 212
250 242
344 202
384 169
15 294
246 78
127 299
509 341
261 448
500 23
192 139
223 318
482 389
50 200
98 158
511 85
397 296
44 509
145 340
173 337
177 450
197 249
262 17
62 411
198 382
167 500
308 9
185 51
70 409
480 356
467 272
110 258
210 235
361 116
466 368
187 163
442 13
107 350
175 211
484 353
347 491
140 98
465 22
147 310
39 465
200 129
202 328
126 292
506 434
80 314
367 444
241 344
434 316
130 52
312 27
411 477
385 39
437 298
151 86
90 319
48 43
487 392
427 452
406 236
32 371
134 265
184 303
0 205
54 433
57 490
77 247
55 473
315 231
366 215
370 380
179 117
81 395
468 71
334 418
477 304
473 330
109 197
88 108
283 29
368 315
391 193
231 127
359 397
402 216
389 230
115 359
24 148
64 132
178 408
186 412
41 99
431 214
275 357
490 502
271 64
486 347
263 446
426 173
123 414
457 38
412 287
229 284
400 70
356 325
89 495
266 307
504 107
380 109
492 171
313 111
273 494
233 151
459 160
441 182
386 286
243 121
113 217
456 68
381 424
117 425
428 170
161 184
333 175
323 3
410 486
260 487
373 261
439 166
204 245
40 417
498 331
390 90
65 435
440 274
310 462
342 302
129 459
258 257
269 345
423 269
183 492
59 498
268 180
453 154
343 385
114 440
503 333
190 501
2 188
387 305
471 313
481 67
212 396
5 443
116 58
424 76
67 421
142 42
13 273
436 6
470 227
337 100
239 363
163 437
91 105
34 176
305 147
215 439
364 206
331 143
339 364
293 422
216 0
403 241
156 295
443 137
446 311
432 125
325 112
52 393
353 156
193 1
153 123
281 161
232 377
119 358
395 93
236 28
189 114
404 317
332 399
317 282
414 384
408 75
419 4
375 327
372 18
194 375
108 370
66 475
148 401
203 155
30 165
259 222
182 218
188 277
7 360
458 220
280 46
472 464
255 430
85 199
340 8
8 488
502 309
438 221
72 329
