64

0     33
1     57
2     45
3     24
4     43
5     56
6     11
7     19
8     29
9     18
10    40
11    6
12    16
13    58
14    28
15    31
16    12
17    47
18    9
19    7
20    34
21    59
22    36
23    52
24    3
25    39
26    38
27    53
28    14
29    8
30    46
31    15
32    50
33    0
34    20
35    62
36    22
37    60
38    26
39    25
40    10
41    55
42    63
43    4
44    54
45    2
46    30
47    17
48    49
49    48
50    32
51    61
52    23
53    27
54    44
55    41
56    5
57    1
58    13
59    37
60    35
61    51
62    21
63    42


