256

132 195
191 49
142 151
166 118
57 110
5 67
241 217
221 116
115 248
240 191
109 229
183 117
50 210
100 241
212 240
124 254
8 239
74 206
148 31
24 10
9 120
73 103
114 202
249 244
105 181
62 184
89 237
85 78
219 76
41 112
118 89
129 45
15 11
230 162
130 9
119 113
214 132
139 204
38 34
78 161
55 136
144 115
68 138
17 215
37 214
39 235
158 134
199 29
101 183
116 157
170 100
206 216
122 57
250 150
237 80
1 68
168 182
87 62
94 47
176 185
53 218
171 207
157 126
131 98
63 149
175 27
169 109
236 165
16 123
141 200
134 96
248 36
227 173
60 85
96 249
231 189
84 12
252 252
234 230
2 73
137 147
224 201
110 35
103 23
12 231
163 81
19 94
235 88
77 179
198 255
21 211
6 72
222 187
254 122
156 107
238 64
196 172
228 213
208 127
117 168
27 38
36 30
51 33
7 232
81 93
88 197
83 176
247 196
76 238
244 54
164 121
153 37
121 130
97 174
245 180
95 223
3 212
180 15
215 71
246 52
232 60
190 114
229 74
133 22
46 205
213 125
140 13
151 17
56 222
187 20
111 43
150 16
149 186
162 101
106 141
93 226
65 99
11 5
128 50
159 91
161 8
23 82
112 199
186 224
126 169
54 111
136 243
165 194
69 97
145 139
188 146
201 144
34 131
243 66
146 142
179 19
239 84
35 4
98 42
125 61
123 26
174 87
181 41
108 133
143 7
22 129
184 48
66 159
30 56
210 108
218 65
207 208
49 190
203 51
61 83
40 32
127 140
147 6
72 246
138 69
25 102
86 209
45 156
193 245
120 2
26 234
192 227
220 137
58 203
226 0
204 171
185 178
233 154
209 145
211 95
71 143
70 58
200 188
33 55
52 221
47 44
135 128
48 104
251 170
91 3
59 119
90 228
177 148
202 242
217 177
14 63
223 39
28 167
64 40
194 124
154 153
10 192
182 77
92 160
155 193
216 250
225 155
79 86
255 1
172 247
82 163
173 28
189 79
107 158
197 175
31 135
80 105
178 25
29 220
0 236
195 24
113 59
242 198
104 90
44 14
4 233
13 106
42 219
99 70
102 53
152 46
253 164
43 253
167 18
18 21
20 166
67 92
205 75
32 152
160 225
75 251
